Interval
3.708
6.741818182
3.81625
4.985333333
3.179565217
1.766794872
2.11
2.286229508
3.258157895
3.5535
3.187222222
2.556122449
1.854
3.613714286
2.073015873
2.26245614
1.3102
2.411372549
1.522528736
2.358666667
1.59247191
2.357213115
1.535053763
1.671976744
1.873026316
1.565555556
1.772592593
1.671976744
1.683768116
6.761764706
1.595348837
5.004166667
2.902222222
2.7728
4.679285714
3.805277778
2.5832
1.491758242
2.791176471
1.780246914
5.499130435
8.556
1.492989691
1.477755102
1.920810811
2.57125
1.473571429
2.403333333
1.751
1.284470588
1.918088889
1.515571429
3.957368421
2.6973125
1.761510204
1.340584615
1.945023256
1.769918367
1.788255319
2.345
1.79475
0.95292517
1.128203125
4.510689655
0.972517007
3.104090909
1.4828125
1.382596154