Rate
16.1812298
8.89967638
15.7222404
12.0353036
18.8705046
33.9597997
28.436019
26.2440843
18.4153138
16.8847615
18.8251699
23.4730539
32.3624595
16.6034156
28.9433384
26.5198511
45.7945352
24.8820946
39.4081232
25.4381006
37.6772737
25.4537868
39.0865789
35.8856666
32.0337197
38.3250532
33.8487254
35.8856666
35.6343605
8.87342323
37.6093294
11.9900083
20.6738132
21.6387767
12.8224699
15.7675743
23.2270053
40.2209945
21.4963119
33.70319
10.9108159
7.01262272
40.1878194
40.6021268
31.2368088
23.3349538
40.7174018
24.9653259
34.2661336
46.711852
31.2811363
39.5890282
15.1615906
22.2443636
34.0616818
44.756593
30.8479602
33.8998686
33.5522559
25.5863539
33.4308399
62.9640206
53.1819126
13.3017353
61.6955792
19.3293308
40.4636459
43.3966201